#global bias W0
-1.51913e-05
#unary interactions Wj
0.0543242
0.0284947
0.0266538
0.016659
0.0125872
0.0107259
0.0118907
0.0157203
0.00839382
0.00971495
0.00612373
0.00524808
0.00285415
0.0008417
-0.000239964
-0.0086962
0.00883555
-0.0162203
-0.00296712
0.0212882
0.0188632
-0.00632028
-0.0134724
0.00510968
-0.0100098
0.010746
-0.0212505
0.0112133
-0.00330014
0.0205507
-0.0058263
-0.00871744
#pairwise interactions Vj,f
-0.00700443 0.0115064 0.000250908 -0.0337887 0.00279776 0.0310548 -0.0307156 0.0202006
-0.0181796 0.00783596 -0.00684362 -0.00773165 0.00437475 -0.00467768 0.00468273 -0.0114019
-0.00487966 -0.000374121 0.000759323 -0.0102248 0.00195136 0.00497072 -0.0068161 0.000974602
-0.00833354 0.00259372 -0.00322643 -0.00897765 0.0036128 0.00131875 -0.000500686 0.000626169
-0.00389153 -0.00202808 0.00232841 -0.0078374 0.00150366 0.00242359 -0.00374564 -0.00292291
-0.00459782 -0.0023391 -0.000624162 0.000624403 0.00092783 -0.00574112 0.00559153 -0.00750119
-0.000536693 -0.00366557 0.0022891 -0.00226212 0.000486126 -9.3187e-05 -0.00130247 -0.0022421
8.09081e-05 4.88191e-05 0.000511957 -0.00204266 9.63924e-05 0.00186076 -0.00199404 0.00120642
0.000429027 -0.00296412 -0.000256632 0.00518759 0.000159051 -0.00622174 0.00615728 -0.00362862
-0.002437 0.000719526 -0.00051522 -0.00188664 0.00066375 -5.7006e-05 -8.73099e-05 -0.00137168
-0.00307155 5.34744e-05 -0.000672551 -0.00166223 0.00100586 -0.00121773 0.000851445 -0.00220555
0.000915018 -0.000786345 3.11917e-05 0.00232754 -0.000285893 -0.00181935 0.00185057 -0.000782855
0.000590278 -0.00137097 0.00103078 3.35035e-05 -0.000245336 -8.46218e-05 -0.0005121 -0.000769284
0.00137207 0.00063334 -0.000470167 0.00216574 -0.00048717 -0.000448922 0.000950496 0.000930627
0.000298715 0.000457383 6.04733e-07 -0.000447437 -9.5566e-05 0.000937129 -0.000852014 0.000909023
0.00154043 0.000518873 -0.000140893 0.00188433 -0.000605516 -2.53168e-05 0.000338521 0.000910561
0.000421026 0.000134062 2.61146e-05 0.0002638 -0.000144135 0.00021623 -0.000152026 0.000388725
0.000450511 0.000203354 -2.3082e-05 0.000364577 -0.000164302 0.000185774 -8.86271e-05 0.000415691
0.000313412 0.000218558 1.86745e-05 -4.68575e-05 -0.00010331 0.000448149 -0.000387851 0.000521073
0.000357683 0.000128925 2.93406e-05 0.000138543 -0.000118317 0.000268847 -0.000212042 0.000399502
0.000336198 0.000135479 1.68862e-06 0.000218085 -0.000116749 0.00017916 -0.000117798 0.000333787
0.000307244 0.000122211 -3.93336e-06 0.000211933 -0.000106381 0.000151173 -9.33714e-05 0.000302845
0.000300511 9.93715e-05 4.86275e-06 0.000230786 -0.000104756 0.000116281 -6.59211e-05 0.000259613
0.000300723 0.000100172 1.29128e-05 0.000185668 -0.000101935 0.000157492 -0.000108992 0.000289874
0.000278255 0.00010348 -4.64355e-07 0.000201026 -9.63521e-05 0.000124331 -7.38646e-05 0.000260312
0.000258378 0.000100057 7.075e-06 0.000145423 -8.80599e-05 0.000155841 -0.000111522 0.00026875
0.000275873 8.85816e-05 9.6919e-08 0.000221333 -9.54046e-05 9.49409e-05 -4.61547e-05 0.000236249
0.000248546 8.46825e-05 8.2937e-06 0.000155056 -8.3886e-05 0.000129072 -8.80767e-05 0.000242182
0.000247644 7.74817e-05 5.36621e-06 0.000181076 -8.41681e-05 0.000100233 -5.98669e-05 0.000221104
0.000245071 8.46181e-05 2.88367e-06 0.000178966 -8.52511e-05 0.000104409 -6.22723e-05 0.000221694
0.000252015 7.16076e-05 7.94436e-06 0.000184286 -8.51625e-05 9.77973e-05 -5.71402e-05 0.000220597
0.000222416 8.4576e-05 -6.5907e-06 0.000178845 -7.773e-05 8.3189e-05 -4.16687e-05 0.000201234
